match_year,winner_name
1968.0,41
1969.0,30
1970.0,31
1971.0,34
1972.0,40
1973.0,42
1974.0,43
1975.0,39
1976.0,38
1977.0,47
1978.0,36
1979.0,41
1980.0,46
1981.0,33
1982.0,35
1983.0,30
1984.0,18
1985.0,22
1986.0,16
1987.0,22
1988.0,25
1989.0,18
1990.0,16
1991.0,15
1992.0,14
1993.0,15
1994.0,16
1995.0,15
1996.0,13
1997.0,17
1998.0,18
1999.0,15
2000.0,12
2001.0,11
2002.0,7
2003.0,11
2004.0,9
2005.0,7
2006.0,6
2007.0,8
2008.0,7
2009.0,7
2010.0,6
2011.0,6
2012.0,6
2013.0,10
2014.0,10
2015.0,10
2016.0,11
2017.0,8
