loser_name,matches_lost,matches_won,total_matches,losing_perc,l_ace,l_df,l_svpt,l_1stIn,l_1stWon,l_2ndWon,l_SvGms,l_bpSaved,l_bpFaced
Fernando Verdasco,282,264,546,0.5164835164835165,3.8470149253731343,3.0522388059701493,78.94029850746269,45.08582089552239,29.84328358208955,15.873134328358208,11.944029850746269,4.757462686567164,8.593283582089553
Guillermo Garcia Lopez,250,218,468,0.5341880341880342,2.9558232931726907,4.188755020080321,78.63453815261045,46.69879518072289,30.06425702811245,14.293172690763052,11.839357429718875,4.891566265060241,9.056224899598394
Julien Benneteau,249,243,492,0.5060975609756098,4.788617886178862,3.5528455284552845,79.85365853658537,51.21544715447155,33.353658536585364,12.516260162601625,12.170731707317072,4.605691056910569,8.638211382113822
Paul Henri Mathieu,244,223,467,0.5224839400428265,4.0210970464135025,3.3628691983122363,78.34177215189874,42.69620253164557,28.78481012658228,17.168776371308017,11.881856540084389,4.472573839662447,8.067510548523206
Victor Hanescu,241,197,438,0.5502283105022832,4.276018099547511,1.8054298642533937,81.64253393665159,56.4027149321267,37.022624434389144,11.638009049773755,12.425339366515837,4.6289592760181,8.244343891402714
Albert Montanes,237,210,447,0.5302013422818792,2.729957805907173,3.679324894514768,74.17721518987342,43.856540084388186,28.122362869198312,13.603375527426161,11.270042194092827,4.5738396624472575,8.658227848101266
Olivier Rochus,229,236,465,0.4924731182795699,1.411214953271028,2.7242990654205608,80.04205607476635,48.96261682242991,30.200934579439252,14.69158878504673,11.855140186915888,5.158878504672897,9.317757009345794
Gilles Simon,229,200,429,0.5337995337995338,3.841628959276018,2.3031674208144794,78.70135746606334,43.98190045248869,28.43891402714932,16.398190045248867,11.936651583710407,4.904977375565611,9.06787330316742
Janko Tipsarevic,218,180,398,0.5477386934673367,5.916256157635468,2.812807881773399,79.87192118226601,44.758620689655174,31.064039408866996,16.354679802955665,12.054187192118226,4.596059113300493,8.108374384236454
Florian Mayer,211,217,428,0.4929906542056075,3.291457286432161,2.0452261306532664,72.61809045226131,43.92964824120603,28.020100502512562,12.793969849246231,11.115577889447236,4.050251256281407,8.050251256281408
Anabel Medina Garrigues,264,295,559,0.47227191413237923,1.1019108280254777,1.9171974522292994,72.14012738853503,46.031847133757964,25.751592356687897,10.89171974522293,,4.86624203821656,10.070063694267516
Klara Koukalova,258,257,515,0.5009708737864078,1.1176470588235294,4.176470588235294,66.41176470588235,37.23529411764706,20.41176470588235,11.058823529411764,,5.0,10.882352941176471
Iveta Benesova,222,174,396,0.5606060606060606,0.4,3.8,66.0,36.4,21.4,12.2,,3.8,8.4
Jill Craybas,221,135,356,0.6207865168539326,2.9451219512195124,3.214723926380368,76.39634146341463,47.59146341463415,28.25,11.902439024390244,,5.121951219512195,10.182926829268293
Elena Vesnina,189,189,378,0.5,1.9235668789808917,4.397435897435898,70.52229299363057,43.745222929936304,24.936305732484076,10.713375796178344,,5.019108280254777,10.114649681528663
Ana Ivanovic,188,147,335,0.5611940298507463,1.832167832167832,2.3943661971830985,72.14685314685315,41.77622377622377,24.216783216783217,12.125874125874127,,4.923076923076923,10.321678321678322
Virginie Razzano,187,177,364,0.5137362637362637,1.3951612903225807,4.17741935483871,71.95967741935483,46.66935483870968,26.193548387096776,10.258064516129032,,5.540322580645161,10.661290322580646
Gisela Dulko,183,204,387,0.4728682170542636,1.3076923076923077,4.3247863247863245,68.47008547008546,41.376068376068375,23.085470085470085,11.042735042735043,,4.803418803418803,9.923076923076923
Eleni Daniilidou,180,159,339,0.5309734513274337,0.898989898989899,6.232323232323233,68.53535353535354,45.85858585858586,25.86868686868687,7.97979797979798,,4.626262626262626,9.88888888888889
Alize Cornet,176,189,365,0.4821917808219178,1.4630872483221478,4.74496644295302,71.83221476510067,42.36241610738255,23.953020134228186,11.463087248322148,,5.342281879194631,10.845637583892618
