winner_ioc,player_num,average_pop,pop_rel
JPN,12,127.464909,0.09414355758101235
SUI,12,7.961611,1.5072326442475021
SVK,12,5.402596,2.2211544227997058
BEL,13,11.012713,1.1804538990528493
MEX,14,115.999584,0.1206900879920397
CRO,15,4.262103,3.5193893718664238
AUT,15,8.46171,1.7726913354392906
SWE,15,9.567811,1.5677567209469332
KOR,15,49.873882,0.3007586215165685
BRA,19,197.121091,0.09638745353737921
GBR,20,63.458004,0.3151690683495182
CZE,21,10.470653,2.005605572068905
RUS,22,143.43874,0.15337558040456853
ITA,25,59.667704,0.41898712911762115
AUS,28,22.55172,1.2415904418820383
GER,35,81.461219,0.4296522987214321
ARG,35,41.23581,0.848776827713582
ESP,43,42.50206,1.011715667428826
FRA,50,65.333179,0.7653079302937332
USA,62,311.298094,0.19916601224034478
