winner_ioc,player_num,average_pop,pop_rel
ROU,10,20.978222,0.4766848210491814
RUS,10,132.788,0.07530800975991805
SUI,11,6.258093,1.757723958400746
MEX,11,57.344959,0.19182156883223161
NZL,14,2.955318,4.7372228640031295
CHI,14,883.675818,0.01584291401306627
CZE,17,10.470653,1.6235854631033995
ARG,17,25.23164,0.6737572349637202
CAN,18,22.403424,0.8034486157115983
IND,18,59.4896107,0.302573840847138
ITA,22,54.887776,0.40081784330266906
JPN,23,99.37963,0.2314357580119789
SWE,24,8.143423,2.947163619033421
GER,28,61.438594,0.4557395958637986
RSA,29,24.437233,1.18671373309736
ESP,31,42.50206,0.7293764114021767
GBR,39,56.010238,0.6963012726351921
FRA,44,53.292658,0.8256296767933774
AUS,97,13.31563,7.284672223544812
USA,198,210.913956,0.9387714485806714
