winner_name,w_ace,w_df,w_svpt,w_1stIn,w_1stWon,w_2ndWon,w_SvGms,w_bpSaved,w_bpFaced
Adam Pavlasek,5.333333333333333,2.6666666666666665,92.0,54.66666666666666,38.333333333333336,20.0,13.333333333333336,6.333333333333332,8.666666666666666
Alex De Minaur,7.0,5.5,124.5,72.0,50.0,27.0,19.5,7.0,12.0
Alexandar Lazarov,4.0,5.0,106.0,54.0,41.0,25.0,15.0,10.0,13.0
Alexander Bublik,7.666666666666668,6.333333333333332,80.33333333333333,44.66666666666666,34.333333333333336,15.0,13.0,5.666666666666668,8.666666666666666
Alexander Zverev,7.138461538461539,4.107692307692306,84.8923076923077,52.6,38.96923076923077,17.353846153846153,13.107692307692306,4.323076923076924,5.9692307692307685
Altug Celikbilek,8.0,1.0,59.0,32.0,27.0,17.0,11.0,0.0,1.0
Andrey Rublev,5.9,2.8,81.4,49.9,35.9,18.0,12.8,5.9,8.0
Antoine Bellier,4.0,5.0,142.0,86.0,60.0,25.0,20.0,4.0,8.0
Ayed Zatar,6.0,2.0,105.0,59.0,43.0,24.0,16.0,4.0,7.0
Borna Coric,6.288461538461537,2.0769230769230766,79.98076923076924,48.134615384615394,35.807692307692314,18.326923076923077,12.807692307692307,3.807692307692308,5.480769230769232
Bruno Britez,5.0,3.0,53.0,41.0,32.0,7.0,9.0,3.0,3.0
Calvin Hemery,6.0,3.0,84.0,46.0,30.0,18.0,14.0,3.0,7.0
Christian Garin,6.5,3.0,70.0,39.0,29.5,18.0,13.0,1.0,3.5
Damir Dzumhur,5.5,4.5,81.0,42.0,33.5,22.5,14.0,2.5,4.5
Daniel Elahi Galan Riveros,7.0,3.0,64.0,36.0,32.0,19.0,11.0,0.0,0.0
Daniil Medvedev,6.0,2.1111111111111107,68.77777777777777,41.66666666666666,30.444444444444446,14.0,10.222222222222221,3.111111111111111,4.666666666666667
Denis Kudla,4.2,2.6,78.6,44.2,33.0,20.2,12.4,4.6,6.0
Dennis Novak,7.0,4.0,104.0,68.0,50.0,15.0,15.0,5.0,8.0
Dominic Thiem,5.435897435897436,2.1666666666666665,75.6794871794872,45.66666666666666,34.769230769230774,17.012820512820515,12.410256410256409,2.9743589743589745,4.602564102564102
Elias Ymer,6.166666666666668,3.6666666666666665,98.16666666666669,59.0,42.0,20.83333333333333,15.166666666666664,4.833333333333333,7.833333333333332
Ernesto Escobedo,7.333333333333332,3.0,93.66666666666669,51.66666666666666,37.0,26.66666666666667,16.333333333333332,2.333333333333333,4.333333333333333
Filip Krajinovic,5.5,1.5,59.5,35.0,24.5,12.5,10.5,1.0,4.0
Hyeon Chung,5.15,2.75,70.25,45.45,34.0,14.55,11.95,2.3,3.8
Ilya Ivashka,4.0,5.0,113.33333333333331,70.33333333333333,49.33333333333334,21.33333333333333,18.0,5.333333333333333,9.333333333333334
Jack Sock,7.09375,3.90625,68.84375,39.40625,31.15625,17.28125,11.25,2.625,3.5625
Jared Donaldson,7.083333333333332,3.8333333333333335,78.25,37.66666666666666,30.33333333333333,22.08333333333333,12.833333333333336,2.9166666666666665,4.833333333333333
Jean Jacques Rakotohasy,8.0,6.0,80.0,50.0,36.0,21.0,14.0,2.0,3.0
Jiri Vesely,7.405405405405406,2.891891891891892,67.62162162162164,42.810810810810814,34.270270270270274,13.972972972972975,11.243243243243244,2.3513513513513518,3.3243243243243237
Jordan Thompson,5.666666666666668,1.0,56.66666666666666,35.0,27.33333333333333,15.0,10.333333333333334,0.6666666666666666,1.0
Kamil Majchrzak,7.0,1.0,109.0,64.0,44.0,28.0,18.0,5.0,7.0
Kuan Yi Lee,8.5,3.5,95.0,62.5,43.5,17.5,14.5,5.5,9.0
Kyle Edmund,7.5,2.9615384615384617,83.26923076923076,48.0,36.884615384615394,19.96153846153846,13.653846153846152,3.3076923076923075,5.0
Lloyd George Muirhead Harris,8.5,2.0,68.0,36.75,29.5,18.25,11.75,3.0,3.5
Lucas Pouille,7.6571428571428575,2.8,85.71428571428571,48.34285714285714,36.57142857142857,20.37142857142857,13.371428571428574,4.4,6.4
Lukas Mugevicius,4.0,0.0,117.0,63.0,42.0,28.0,19.0,5.0,11.0
Mate Delic,6.0,1.0,55.5,39.0,30.0,10.0,10.0,1.5,2.0
Mathias Bourgue,4.0,4.0,120.0,73.0,49.0,19.0,18.0,3.0,9.0
Matteo Donati,6.0,2.0,84.0,50.0,34.0,17.0,13.0,4.0,7.0
Mohd Assri Merzuki,7.0,15.0,127.0,74.0,52.0,22.0,22.0,5.0,13.0
Nam Hoang Ly,3.6666666666666665,3.333333333333333,89.0,57.33333333333334,37.66666666666666,18.33333333333333,14.0,3.333333333333333,6.333333333333332
Nerman Fatic,8.0,1.0,61.0,34.0,25.0,19.0,12.0,2.0,4.0
Nikola Milojevic,7.0,6.0,93.0,50.0,36.0,15.0,15.0,5.0,11.0
Noah Rubin,7.666666666666668,3.0,131.66666666666666,80.66666666666667,59.66666666666666,28.33333333333333,20.33333333333333,6.666666666666668,9.666666666666666
Omar Jasika,5.0,3.0,115.0,78.0,53.0,19.0,18.0,5.0,8.0
Ramkumar Ramanathan,8.0,5.4,85.2,50.2,38.0,18.2,14.0,2.4,4.2
Ryan Harrison,3.4,2.0,55.6,32.2,24.2,14.8,9.0,2.6,3.0
Seong Chan Hong,6.0,2.0,145.0,88.0,55.0,24.0,21.0,15.0,24.0
Stefan Kozlov,6.666666666666668,4.666666666666667,64.33333333333333,33.0,24.66666666666667,15.666666666666664,9.666666666666666,5.333333333333333,7.333333333333332
Thien Nguyen Hoang,4.0,9.0,157.0,95.0,58.0,34.0,23.0,9.0,16.0
Wishaya Trongcharoenchaikul,7.0,15.0,189.0,116.0,72.0,42.0,26.0,15.0,21.0
Zhizhen Zhang,4.0,3.0,74.0,42.0,26.0,18.0,10.0,5.0,7.0
Adam Pavlasek,5.333333333333333,2.6666666666666665,92.0,54.66666666666666,38.333333333333336,20.0,13.333333333333336,6.333333333333332,8.666666666666666
Andrey Rublev,5.9,2.8,81.4,49.9,35.9,18.0,12.8,5.9,8.0
Ayed Zatar,6.0,2.0,105.0,59.0,43.0,24.0,16.0,4.0,7.0
Benjamin Hannestad,1.0,2.0,26.0,16.0,14.0,7.0,5.0,0.0,0.0
Borna Coric,6.288461538461537,2.0769230769230766,79.98076923076924,48.134615384615394,35.807692307692314,18.326923076923077,12.807692307692307,3.807692307692308,5.480769230769232
Bruno Britez,5.0,3.0,53.0,41.0,32.0,7.0,9.0,3.0,3.0
Calvin Hemery,6.0,3.0,84.0,46.0,30.0,18.0,14.0,3.0,7.0
Christian Garin,6.5,3.0,70.0,39.0,29.5,18.0,13.0,1.0,3.5
Christian Sigsgaard,3.0,3.0,81.0,55.5,38.0,13.0,13.5,4.5,7.5
Daniel Elahi Galan Riveros,7.0,3.0,64.0,36.0,32.0,19.0,11.0,0.0,0.0
Daniil Medvedev,6.0,2.1111111111111107,68.77777777777777,41.66666666666666,30.444444444444446,14.0,10.222222222222221,3.111111111111111,4.666666666666667
Denis Kudla,4.2,2.6,78.6,44.2,33.0,20.2,12.4,4.6,6.0
Diego Sebastian Schwartzman,1.5,2.5,65.5,40.0,25.0,13.5,11.0,2.5,6.0
Dominic Thiem,5.435897435897436,2.1666666666666665,75.6794871794872,45.66666666666666,34.769230769230774,17.012820512820515,12.410256410256409,2.9743589743589745,4.602564102564102
Ernesto Escobedo,7.333333333333332,3.0,93.66666666666669,51.66666666666666,37.0,26.66666666666667,16.333333333333332,2.333333333333333,4.333333333333333
Francis Tiafoe,14.0,2.0,98.0,61.66666666666666,48.33333333333334,19.0,15.666666666666664,5.0,7.0
Hyeon Chung,5.15,2.75,70.25,45.45,34.0,14.55,11.95,2.3,3.8
James Duckworth,11.0,3.0,104.0,67.0,43.0,20.0,14.0,7.0,10.0
Jiri Vesely,7.405405405405406,2.891891891891892,67.62162162162164,42.810810810810814,34.270270270270274,13.972972972972975,11.243243243243244,2.3513513513513518,3.3243243243243237
Karen Khachanov,9.333333333333334,2.8666666666666667,78.8,44.33333333333334,34.46666666666667,19.066666666666666,12.8,2.8666666666666667,4.4
Kyle Edmund,7.5,2.9615384615384617,83.26923076923076,48.0,36.884615384615394,19.96153846153846,13.653846153846152,3.3076923076923075,5.0
Lloyd George Muirhead Harris,8.5,2.0,68.0,36.75,29.5,18.25,11.75,3.0,3.5
Lucas Catarina,1.0,2.0,25.0,14.0,9.0,8.0,4.0,0.0,0.0
Lucas Gomez,3.0,2.0,89.0,57.0,43.0,22.0,18.0,0.0,2.0
Lucas Pouille,7.6571428571428575,2.8,85.71428571428571,48.34285714285714,36.57142857142857,20.37142857142857,13.371428571428574,4.4,6.4
Matteo Donati,6.0,2.0,84.0,50.0,34.0,17.0,13.0,4.0,7.0
Nick Kyrgios,15.465753424657533,2.904109589041096,84.50684931506851,55.49315068493151,43.93150684931507,16.89041095890411,13.958904109589039,2.780821917808219,3.712328767123288
Noah Rubin,7.666666666666668,3.0,131.66666666666666,80.66666666666667,59.66666666666666,28.33333333333333,20.33333333333333,6.666666666666668,9.666666666666666
Omar Jasika,5.0,3.0,115.0,78.0,53.0,19.0,18.0,5.0,8.0
Philip Davydenko,2.0,2.0,82.0,61.0,44.0,9.0,11.0,2.0,3.0
Renzo Olivo,1.0,2.5,48.0,31.5,22.5,9.0,7.0,3.0,4.5
Ryan Harrison,3.4,2.0,55.6,32.2,24.2,14.8,9.0,2.6,3.0
Seong Chan Hong,6.0,2.0,145.0,88.0,55.0,24.0,21.0,15.0,24.0
Taro Daniel,1.5,2.0,90.5,64.0,39.0,14.0,12.0,4.5,7.5
Taylor Harry Fritz,9.9375,2.5,76.125,43.25,33.125,17.375,11.625,3.6875,5.25
Yuki Bhambri,2.0,2.0,51.5,29.0,21.5,13.5,9.0,1.0,2.0
Zhizhen Zhang,4.0,3.0,74.0,42.0,26.0,18.0,10.0,5.0,7.0
Denis Kudla,4.2,2.6,78.6,44.2,33.0,20.2,12.4,4.6,6.0
Dominic Thiem,5.435897435897436,2.1666666666666665,75.6794871794872,45.66666666666666,34.769230769230774,17.012820512820515,12.410256410256409,2.9743589743589745,4.602564102564102
Jared Donaldson,7.083333333333332,3.8333333333333335,78.25,37.66666666666666,30.33333333333333,22.08333333333333,12.833333333333336,2.9166666666666665,4.833333333333333
Karen Khachanov,9.333333333333334,2.8666666666666667,78.8,44.33333333333334,34.46666666666667,19.066666666666666,12.8,2.8666666666666667,4.4
Marcelo Tomas Barrios Vera,2.0,4.0,77.0,50.0,40.0,19.0,12.0,2.0,3.0
Mate Pavic,11.0,0.0,78.0,55.0,42.0,8.0,11.0,2.0,3.0
Nicolas Jarry,12.333333333333336,1.3333333333333333,76.66666666666667,46.0,35.0,18.0,12.666666666666664,3.0,4.333333333333333
Taylor Harry Fritz,9.9375,2.5,76.125,43.25,33.125,17.375,11.625,3.6875,5.25
Zhizhen Zhang,4.0,3.0,74.0,42.0,26.0,18.0,10.0,5.0,7.0
Casper Ruud,3.0,1.5,68.5,46.0,33.0,15.0,11.5,5.0,5.5
Denis Kudla,4.2,2.6,78.6,44.2,33.0,20.2,12.4,4.6,6.0
Dominic Thiem,5.435897435897436,2.1666666666666665,75.6794871794872,45.66666666666666,34.769230769230774,17.012820512820515,12.410256410256409,2.9743589743589745,4.602564102564102
Henri Laaksonen,1.0,10.0,95.0,65.0,45.0,11.0,12.0,6.0,9.0
Hyeon Chung,5.15,2.75,70.25,45.45,34.0,14.55,11.95,2.3,3.8
Lloyd George Muirhead Harris,8.5,2.0,68.0,36.75,29.5,18.25,11.75,3.0,3.5
Marcelo Tomas Barrios Vera,2.0,4.0,77.0,50.0,40.0,19.0,12.0,2.0,3.0
Nerman Fatic,8.0,1.0,61.0,34.0,25.0,19.0,12.0,2.0,4.0
Reilly Opelka,12.8,4.8,80.8,45.2,37.4,21.4,12.6,2.4,3.0
Taro Daniel,1.5,2.0,90.5,64.0,39.0,14.0,12.0,4.5,7.5
Taylor Harry Fritz,9.9375,2.5,76.125,43.25,33.125,17.375,11.625,3.6875,5.25
Yoshihito Nishioka,2.142857142857143,1.8571428571428568,71.78571428571429,44.14285714285715,31.785714285714285,17.357142857142858,12.214285714285715,3.0,4.5
Bernard Tomic,9.694444444444443,1.1944444444444444,80.75,54.66666666666666,41.805555555555564,14.25,12.944444444444445,3.4166666666666665,4.6944444444444455
Bruno Britez,5.0,3.0,53.0,41.0,32.0,7.0,9.0,3.0,3.0
Calvin Hemery,6.0,3.0,84.0,46.0,30.0,18.0,14.0,3.0,7.0
Daniil Medvedev,6.0,2.1111111111111107,68.77777777777777,41.66666666666666,30.444444444444446,14.0,10.222222222222221,3.111111111111111,4.666666666666667
Dominic Thiem,5.435897435897436,2.1666666666666665,75.6794871794872,45.66666666666666,34.769230769230774,17.012820512820515,12.410256410256409,2.9743589743589745,4.602564102564102
Hong Kit Jack Wong,9.0,8.0,136.0,90.0,60.0,26.0,24.0,3.0,10.0
Kyle Edmund,7.5,2.9615384615384617,83.26923076923076,48.0,36.884615384615394,19.96153846153846,13.653846153846152,3.3076923076923075,5.0
Lloyd George Muirhead Harris,8.5,2.0,68.0,36.75,29.5,18.25,11.75,3.0,3.5
Louis Wessels,2.0,5.0,87.0,60.0,43.0,13.0,14.0,3.0,5.0
Mathias Bourgue,4.0,4.0,120.0,73.0,49.0,19.0,18.0,3.0,9.0
Mikael Ymer,1.0,0.0,48.0,35.0,25.0,7.0,7.0,3.0,3.0
Nam Hoang Ly,3.6666666666666665,3.333333333333333,89.0,57.33333333333334,37.66666666666666,18.33333333333333,14.0,3.333333333333333,6.333333333333332
Nicolas Jarry,12.333333333333336,1.3333333333333333,76.66666666666667,46.0,35.0,18.0,12.666666666666664,3.0,4.333333333333333
Pruchya Isarow,13.0,5.75,104.75,58.5,45.5,26.75,17.5,3.5,5.75
Renzo Olivo,1.0,2.5,48.0,31.5,22.5,9.0,7.0,3.0,4.5
Taylor Harry Fritz,9.9375,2.5,76.125,43.25,33.125,17.375,11.625,3.6875,5.25
Thiago Monteiro,2.6666666666666665,1.6666666666666667,68.5,46.33333333333334,32.5,13.166666666666664,11.333333333333336,3.333333333333333,4.833333333333333
Tommy Paul,1.0,0.0,53.0,34.0,25.0,11.0,9.0,3.0,4.0
Yoshihito Nishioka,2.142857142857143,1.8571428571428568,71.78571428571429,44.14285714285715,31.785714285714285,17.357142857142858,12.214285714285715,3.0,4.5
Bernard Tomic,9.694444444444443,1.1944444444444444,80.75,54.66666666666666,41.805555555555564,14.25,12.944444444444445,3.4166666666666665,4.6944444444444455
Borna Coric,6.288461538461537,2.0769230769230766,79.98076923076924,48.134615384615394,35.807692307692314,18.326923076923077,12.807692307692307,3.807692307692308,5.480769230769232
Casper Ruud,3.0,1.5,68.5,46.0,33.0,15.0,11.5,5.0,5.5
Damir Dzumhur,5.5,4.5,81.0,42.0,33.5,22.5,14.0,2.5,4.5
Daniil Medvedev,6.0,2.1111111111111107,68.77777777777777,41.66666666666666,30.444444444444446,14.0,10.222222222222221,3.111111111111111,4.666666666666667
Dominic Thiem,5.435897435897436,2.1666666666666665,75.6794871794872,45.66666666666666,34.769230769230774,17.012820512820515,12.410256410256409,2.9743589743589745,4.602564102564102
Ernesto Escobedo,7.333333333333332,3.0,93.66666666666669,51.66666666666666,37.0,26.66666666666667,16.333333333333332,2.333333333333333,4.333333333333333
Jared Donaldson,7.083333333333332,3.8333333333333335,78.25,37.66666666666666,30.33333333333333,22.08333333333333,12.833333333333336,2.9166666666666665,4.833333333333333
Karen Khachanov,9.333333333333334,2.8666666666666667,78.8,44.33333333333334,34.46666666666667,19.066666666666666,12.8,2.8666666666666667,4.4
Kyle Edmund,7.5,2.9615384615384617,83.26923076923076,48.0,36.884615384615394,19.96153846153846,13.653846153846152,3.3076923076923075,5.0
Louis Wessels,2.0,5.0,87.0,60.0,43.0,13.0,14.0,3.0,5.0
Nicolas Jarry,12.333333333333336,1.3333333333333333,76.66666666666667,46.0,35.0,18.0,12.666666666666664,3.0,4.333333333333333
Renzo Olivo,1.0,2.5,48.0,31.5,22.5,9.0,7.0,3.0,4.5
Taylor Harry Fritz,9.9375,2.5,76.125,43.25,33.125,17.375,11.625,3.6875,5.25
Thiago Monteiro,2.6666666666666665,1.6666666666666667,68.5,46.33333333333334,32.5,13.166666666666664,11.333333333333336,3.333333333333333,4.833333333333333
Yoshihito Nishioka,2.142857142857143,1.8571428571428568,71.78571428571429,44.14285714285715,31.785714285714285,17.357142857142858,12.214285714285715,3.0,4.5
