winner_name,w_ace,w_df,w_svpt,w_1stIn,w_1stWon,w_2ndWon,w_SvGms,w_bpSaved,w_bpFaced
Adam Pavlasek,5.333333333333333,2.6666666666666665,92.0,54.666666666666664,38.333333333333336,20.0,13.333333333333334,6.333333333333333,8.666666666666666
Albano Olivetti,21.0,3.5,100.0,58.5,51.0,25.0,17.0,2.5,4.0
Alberto Lim,2.0,5.0,70.0,46.0,29.0,10.0,11.0,6.0,9.0
Alex De Minaur,7.0,5.5,124.5,72.0,50.0,27.0,19.5,7.0,12.0
Alex Diaz,,,,,,,,,
Alexandar Lazarov,4.0,5.0,106.0,54.0,41.0,25.0,15.0,10.0,13.0
Alexander Bublik,7.666666666666667,6.333333333333333,80.33333333333333,44.666666666666664,34.333333333333336,15.0,13.0,5.666666666666667,8.666666666666666
Alexander Zverev,7.138461538461539,4.107692307692307,84.8923076923077,52.6,38.96923076923077,17.353846153846153,13.107692307692307,4.323076923076923,5.969230769230769
Aljaz Radinski,,,,,,,,,
Altug Celikbilek,8.0,1.0,59.0,32.0,27.0,17.0,11.0,0.0,1.0
Andrey Rublev,5.9,2.8,81.4,49.9,35.9,18.0,12.8,5.9,8.0
Antoine Bellier,4.0,5.0,142.0,86.0,60.0,25.0,20.0,4.0,8.0
Aslan Karatsev,2.0,1.0,64.0,43.0,27.0,12.0,10.0,2.0,4.0
Ayed Zatar,6.0,2.0,105.0,59.0,43.0,24.0,16.0,4.0,7.0
Benjamin Hannestad,1.0,2.0,26.0,16.0,14.0,7.0,5.0,0.0,0.0
Benjamin Lock,,,,,,,,,
Bernard Tomic,9.694444444444445,1.1944444444444444,80.75,54.666666666666664,41.80555555555556,14.25,12.944444444444445,3.4166666666666665,4.694444444444445
Borna Coric,6.288461538461538,2.076923076923077,79.98076923076923,48.13461538461539,35.80769230769231,18.326923076923077,12.807692307692308,3.8076923076923075,5.480769230769231
Bruno Britez,5.0,3.0,53.0,41.0,32.0,7.0,9.0,3.0,3.0
Calvin Hemery,6.0,3.0,84.0,46.0,30.0,18.0,14.0,3.0,7.0
Carl Soderlund,2.0,4.0,97.0,60.0,40.0,16.0,15.0,4.0,9.0
Casper Ruud,3.0,1.5,68.5,46.0,33.0,15.0,11.5,5.0,5.5
Cem Ilkel,9.0,6.5,152.5,85.0,62.5,31.0,23.5,6.5,11.5
Chieh Fu Wang,,,,,,,,,
Christian Garay,,,,,,,,,
Christian Garin,6.5,3.0,70.0,39.0,29.5,18.0,13.0,1.0,3.5
Christian Sigsgaard,3.0,3.0,81.0,55.5,38.0,13.0,13.5,4.5,7.5
Damir Dzumhur,5.5,4.5,81.0,42.0,33.5,22.5,14.0,2.5,4.5
Daniel Elahi Galan Riveros,7.0,3.0,64.0,36.0,32.0,19.0,11.0,0.0,0.0
Daniil Medvedev,6.0,2.111111111111111,68.77777777777777,41.666666666666664,30.444444444444443,14.0,10.222222222222221,3.111111111111111,4.666666666666667
Darian King,,,,,,,,,
Denis Kudla,4.2,2.6,78.6,44.2,33.0,20.2,12.4,4.6,6.0
Denis Shapovalov,11.0,4.5,91.0,47.0,37.0,23.5,13.0,6.5,8.0
Dennis Novak,7.0,4.0,104.0,68.0,50.0,15.0,15.0,5.0,8.0
Di Wu,,,,,,,,,
Diego Sebastian Schwartzman,1.5,2.5,65.5,40.0,25.0,13.5,11.0,2.5,6.0
Dimitar Kuzmanov,,,,,,,,,
Dominic Thiem,5.435897435897436,2.1666666666666665,75.67948717948718,45.666666666666664,34.76923076923077,17.012820512820515,12.41025641025641,2.9743589743589745,4.602564102564102
Duilio Beretta,,,,,,,,,
Edan Leshem,2.0,5.0,115.0,72.0,49.0,20.0,16.0,7.0,11.0
Egor Gerasimov,,,,,,,,,
Elias Ymer,6.166666666666667,3.6666666666666665,98.16666666666667,59.0,42.0,20.833333333333332,15.166666666666666,4.833333333333333,7.833333333333333
Emilio Gomez,,,,,,,,,
Ernesto Escobedo,7.333333333333333,3.0,93.66666666666667,51.666666666666664,37.0,26.666666666666668,16.333333333333332,2.3333333333333335,4.333333333333333
Filip Krajinovic,5.5,1.5,59.5,35.0,24.5,12.5,10.5,1.0,4.0
Filip Peliwo,1.0,1.0,64.0,26.0,18.0,24.0,10.0,5.0,7.0
Francis Tiafoe,14.0,2.0,98.0,61.666666666666664,48.333333333333336,19.0,15.666666666666666,5.0,7.0
Frederico Ferreira Silva,3.0,0.0,38.0,22.0,17.0,13.0,7.0,1.0,1.0
Gonzalo Lama,,,,,,,,,
Hady Habib,,,,,,,,,
Henri Laaksonen,1.0,10.0,95.0,65.0,45.0,11.0,12.0,6.0,9.0
Hicham Khaddari,,,,,,,,,
Hong Kit Jack Wong,9.0,8.0,136.0,90.0,60.0,26.0,24.0,3.0,10.0
Hubert Hurkacz,14.0,10.0,122.0,68.0,54.0,23.0,16.0,13.0,15.0
Hugo Dellien,,,,,,,,,
Hyeon Chung,5.15,2.75,70.25,45.45,34.0,14.55,11.95,2.3,3.8
Ilya Ivashka,4.0,5.0,113.33333333333333,70.33333333333333,49.333333333333336,21.333333333333332,18.0,5.333333333333333,9.333333333333334
Jack Sock,7.09375,3.90625,68.84375,39.40625,31.15625,17.28125,11.25,2.625,3.5625
James Duckworth,11.0,3.0,104.0,67.0,43.0,20.0,14.0,7.0,10.0
Jared Donaldson,7.083333333333333,3.8333333333333335,78.25,37.666666666666664,30.333333333333332,22.083333333333332,12.833333333333334,2.9166666666666665,4.833333333333333
Jason Kubler,2.0,10.0,91.0,62.0,43.0,11.0,14.0,4.0,8.0
Jaume Munar,1.0,0.0,10.0,6.0,5.0,3.0,2.0,0.0,0.0
Jean Jacques Rakotohasy,8.0,6.0,80.0,50.0,36.0,21.0,14.0,2.0,3.0
Jirat Navasirisomboon,1.0,5.0,121.0,84.0,60.0,21.0,20.0,8.0,11.0
Jiri Vesely,7.405405405405405,2.891891891891892,67.62162162162163,42.810810810810814,34.270270270270274,13.972972972972974,11.243243243243244,2.3513513513513513,3.324324324324324
Joao Domingues,,,,,,,,,
John Morrissey,,,,,,,,,
Jordan Thompson,5.666666666666667,1.0,56.666666666666664,35.0,27.333333333333332,15.0,10.333333333333334,0.6666666666666666,1.0
Jorge Brian Panta Herreros,,,,,,,,,
Jose Olivares,,,,,,,,,
Juan Borba,,,,,,,,,
Juan Pablo Varillas Patino Samudio,,,,,,,,,
Kamil Majchrzak,7.0,1.0,109.0,64.0,44.0,28.0,18.0,5.0,7.0
Karen Khachanov,9.333333333333334,2.8666666666666667,78.8,44.333333333333336,34.46666666666667,19.066666666666666,12.8,2.8666666666666667,4.4
Kimmer Coppejans,,,,,,,,,
Kuan Yi Lee,8.5,3.5,95.0,62.5,43.5,17.5,14.5,5.5,9.0
Kyle Edmund,7.5,2.9615384615384617,83.26923076923077,48.0,36.88461538461539,19.96153846153846,13.653846153846153,3.3076923076923075,5.0
Laurynas Grigelis,,,,,,,,,
Liam Broady,14.0,8.0,143.0,77.0,59.0,36.0,24.0,7.0,11.0
Linh Giang Trinh,,,,,,,,,
Lloyd George Muirhead Harris,8.5,2.0,68.0,36.75,29.5,18.25,11.75,3.0,3.5
Louis Wessels,2.0,5.0,87.0,60.0,43.0,13.0,14.0,3.0,5.0
Lucas Catarina,1.0,2.0,25.0,14.0,9.0,8.0,4.0,0.0,0.0
Lucas Gomez,3.0,2.0,89.0,57.0,43.0,22.0,18.0,0.0,2.0
Lucas Pouille,7.6571428571428575,2.8,85.71428571428571,48.34285714285714,36.57142857142857,20.37142857142857,13.371428571428572,4.4,6.4
Lukas Mugevicius,4.0,0.0,117.0,63.0,42.0,28.0,19.0,5.0,11.0
Luke Saville,9.5,5.5,101.5,60.0,44.0,22.5,14.5,6.0,8.0
Mantas Bugailiskis,,,,,,,,,
Marat Deviatiarov,,,,,,,,,
Marcelo Tomas Barrios Vera,2.0,4.0,77.0,50.0,40.0,19.0,12.0,2.0,3.0
Markos Kalovelonis,,,,,,,,,
Martins Podzus,12.0,5.0,108.0,71.0,56.0,22.0,17.0,1.0,1.0
Mate Delic,6.0,1.0,55.5,39.0,30.0,10.0,10.0,1.5,2.0
Mate Pavic,11.0,0.0,78.0,55.0,42.0,8.0,11.0,2.0,3.0
Mathias Bourgue,4.0,4.0,120.0,73.0,49.0,19.0,18.0,3.0,9.0
Matteo Donati,6.0,2.0,84.0,50.0,34.0,17.0,13.0,4.0,7.0
Maxim Dubarenco,,,,,,,,,
Mazen Osama,,,,,,,,,
Miguel Angel Este,1.0,6.0,65.0,45.0,33.0,7.0,9.0,2.0,4.0
Mikael Torpegaard,20.0,7.0,137.0,75.0,57.0,35.0,25.0,1.0,6.0
Mikael Ymer,1.0,0.0,48.0,35.0,25.0,7.0,7.0,3.0,3.0
Mohd Assri Merzuki,7.0,15.0,127.0,74.0,52.0,22.0,22.0,5.0,13.0
Nam Hoang Ly,3.6666666666666665,3.3333333333333335,89.0,57.333333333333336,37.666666666666664,18.333333333333332,14.0,3.3333333333333335,6.333333333333333
Nerman Fatic,8.0,1.0,61.0,34.0,25.0,19.0,12.0,2.0,4.0
Nick Kyrgios,15.465753424657533,2.904109589041096,84.5068493150685,55.49315068493151,43.93150684931507,16.89041095890411,13.95890410958904,2.780821917808219,3.712328767123288
Nicolas Jarry,12.333333333333334,1.3333333333333333,76.66666666666667,46.0,35.0,18.0,12.666666666666666,3.0,4.333333333333333
Nicolas Xiviller,,,,,,,,,
Nik Razborsek,,,,,,,,,
Nikola Milojevic,7.0,6.0,93.0,50.0,36.0,15.0,15.0,5.0,11.0
Noah Rubin,7.666666666666667,3.0,131.66666666666666,80.66666666666667,59.666666666666664,28.333333333333332,20.333333333333332,6.666666666666667,9.666666666666666
Nutthanon Kadchapanan,,,,,,,,,
Omar Jasika,5.0,3.0,115.0,78.0,53.0,19.0,18.0,5.0,8.0
Peter Bertran,,,,,,,,,
Petros Chrysochos,,,,,,,,,
Philip Davydenko,2.0,2.0,82.0,61.0,44.0,9.0,11.0,2.0,3.0
Pruchya Isarow,13.0,5.75,104.75,58.5,45.5,26.75,17.5,3.5,5.75
Quentin Halys,12.666666666666666,6.333333333333333,114.33333333333333,70.33333333333333,52.0,21.333333333333332,17.333333333333332,7.0,9.333333333333334
Ramkumar Ramanathan,8.0,5.4,85.2,50.2,38.0,18.2,14.0,2.4,4.2
Reilly Opelka,12.8,4.8,80.8,45.2,37.4,21.4,12.6,2.4,3.0
Renzo Olivo,1.0,2.5,48.0,31.5,22.5,9.0,7.0,3.0,4.5
Ricardo Rodriguez,,,,,,,,,
Roberto Carballes Baena,3.0,3.75,103.0,60.0,39.5,21.75,12.75,7.25,10.0
Rodrigo Banzer,,,,,,,,,
Rodrigo Senattore,,,,,,,,,
Romain Arneodo,,,,,,,,,
Ryan Harrison,3.4,2.0,55.6,32.2,24.2,14.8,9.0,2.6,3.0
Samir Iftikhar,,,,,,,,,
Santiago Maresca,,,,,,,,,
Seong Chan Hong,6.0,2.0,145.0,88.0,55.0,24.0,21.0,15.0,24.0
Sergis Kyratzis,,,,,,,,,
Sharmal Dissanayake,11.0,7.0,161.0,104.0,68.0,24.0,22.0,17.0,23.0
Simen Sunde Bratholm,3.0,5.0,126.0,90.0,60.0,19.0,18.0,7.0,10.0
Stefan Kozlov,6.666666666666667,4.666666666666667,64.33333333333333,33.0,24.666666666666668,15.666666666666666,9.666666666666666,5.333333333333333,7.333333333333333
Taro Daniel,1.5,2.0,90.5,64.0,39.0,14.0,12.0,4.5,7.5
Taylor Harry Fritz,9.9375,2.5,76.125,43.25,33.125,17.375,11.625,3.6875,5.25
Thanasi Kokkinakis,11.461538461538462,4.538461538461538,98.6923076923077,57.61538461538461,43.53846153846154,21.307692307692307,15.692307692307692,5.3076923076923075,7.923076923076923
Thiago Monteiro,2.6666666666666665,1.6666666666666667,68.5,46.333333333333336,32.5,13.166666666666666,11.333333333333334,3.3333333333333335,4.833333333333333
Thien Nguyen Hoang,4.0,9.0,157.0,95.0,58.0,34.0,23.0,9.0,16.0
Tommy Paul,1.0,0.0,53.0,34.0,25.0,11.0,9.0,3.0,4.0
Viktor Durasovic,9.0,3.5,172.0,118.0,86.0,27.5,24.0,11.5,13.5
Warit Sornbutnark,,,,,,,,,
Wishaya Trongcharoenchaikul,7.0,15.0,189.0,116.0,72.0,42.0,26.0,15.0,21.0
Yoshihito Nishioka,2.142857142857143,1.8571428571428572,71.78571428571429,44.142857142857146,31.785714285714285,17.357142857142858,12.214285714285714,3.0,4.5
Yuki Bhambri,2.0,2.0,51.5,29.0,21.5,13.5,9.0,1.0,2.0
Zhizhen Zhang,4.0,3.0,74.0,42.0,26.0,18.0,10.0,5.0,7.0
