winner_name,matches_won,matches_lost,total_matches,winning_perc,w_ace,w_df,w_svpt,w_1stIn,w_1stWon,w_2ndWon,w_SvGms,w_bpSaved,w_bpFaced
Roger Federer,847,137,984,0.8607723577235772,7.7754342431761785,1.4962779156327544,73.71339950372209,46.30893300248139,36.56699751861042,16.404466501240694,12.477667493796526,2.470223325062035,3.4292803970223327
Rafael Nadal,712,141,853,0.8347010550996483,3.057017543859649,1.394736842105263,70.70614035087719,48.7046783625731,35.869883040935676,13.017543859649123,11.698830409356725,3.038011695906433,4.308479532163743
Novak Djokovic,612,141,753,0.8127490039840638,5.7625649913344885,2.1247833622183707,75.37608318890814,48.79029462738301,36.603119584055456,15.126516464471404,12.34315424610052,3.150779896013865,4.592720970537262
David Ferrer,597,289,886,0.6738148984198645,3.0952380952380953,2.142857142857143,74.35978835978835,47.69664902998236,34.40564373897707,14.977072310405644,11.869488536155202,3.5185185185185186,5.250440917107584
Andy Roddick,512,171,683,0.7496339677891655,12.588357588357589,1.659043659043659,72.86278586278586,48.399168399168396,39.432432432432435,14.563409563409563,12.503118503118504,2.087318087318087,2.7941787941787943
Andy Murray,487,154,641,0.7597503900156006,7.134199134199134,2.313852813852814,75.5108225108225,43.85281385281385,33.67965367965368,17.1991341991342,12.287878787878787,3.2294372294372296,4.911255411255412
Tomas Berdych,485,263,748,0.6483957219251337,8.473451327433628,2.2035398230088497,73.09070796460178,42.98893805309734,34.49557522123894,16.893805309734514,12.050884955752212,2.9424778761061945,4.017699115044247
Nikolay Davydenko,463,298,761,0.6084099868593955,3.5503355704697985,2.3221476510067114,71.62639821029083,48.44519015659955,34.88814317673378,12.747203579418345,11.4586129753915,3.5794183445190155,5.263982102908278
Tommy Robredo,429,270,699,0.6137339055793991,4.3530805687203795,2.139810426540284,78.27725118483413,51.09478672985782,37.26066350710901,15.116113744075829,12.492890995260664,3.6421800947867298,5.414691943127962
Fernando Verdasco,404,282,686,0.5889212827988338,5.445569620253164,3.5645569620253164,75.90379746835443,52.473417721518985,38.675949367088606,12.929113924050633,12.30379746835443,3.5924050632911393,5.1746835443037975
Maria Sharapova,519,135,654,0.7935779816513762,3.8903061224489797,4.933673469387755,65.35969387755102,41.94642857142857,29.522959183673468,11.22704081632653,,3.5739795918367347,5.7729591836734695
Jelena Jankovic,506,278,784,0.6454081632653061,2.5546218487394956,3.222535211267606,66.32773109243698,43.745098039215684,29.596638655462186,11.025210084033613,9.0,3.743661971830986,6.163380281690141
Serena Williams,475,88,563,0.8436944937833037,7.1395348837209305,2.4895833333333335,59.76485788113695,36.36950904392765,27.573643410852714,12.03359173126615,8.666666666666666,2.855297157622739,4.372093023255814
Svetlana Kuznetsova,447,221,668,0.6691616766467066,3.9060606060606062,2.3768996960486324,68.21818181818182,41.80909090909091,28.915151515151514,13.793939393939393,,3.536363636363636,5.781818181818182
Caroline Wozniacki,415,167,582,0.7130584192439863,2.0511363636363638,1.7784090909090908,65.54829545454545,45.23863636363637,30.113636363636363,10.460227272727273,,3.7982954545454546,5.994318181818182
Flavia Pennetta,412,255,667,0.6176911544227887,3.548507462686567,2.9738805970149254,64.7089552238806,36.17164179104478,25.30597014925373,14.623134328358208,,3.6828358208955225,5.925373134328358
Vera Zvonareva,407,200,607,0.6705107084019769,2.6486486486486487,3.6563706563706564,65.03474903474904,39.67181467181467,28.030888030888033,12.61003861003861,,3.501930501930502,5.629343629343629
Nadia Petrova,402,263,665,0.6045112781954888,2.9395017793594307,4.25,62.718861209964416,38.220640569395016,27.00355871886121,11.99288256227758,,3.487544483985765,5.658362989323844
Marion Bartoli,402,233,635,0.6330708661417322,5.498069498069498,2.996138996138996,65.5984555984556,39.13513513513514,28.83783783783784,13.277992277992277,,3.494208494208494,5.301158301158301
Agnieszka Radwanska,401,174,575,0.697391304347826,2.191044776119403,1.1716867469879517,64.57611940298507,42.659701492537316,28.465671641791044,11.188059701492538,,3.773134328358209,6.095522388059702
